#         t          x          y          z         vx         vy         vz
      0.000    -98.560   -119.990   -127.760    -28.430    173.920     93.230
      0.100   -101.083   -102.242   -118.043    -22.029    181.045    101.113
      0.200   -102.885    -83.772   -107.488    -14.008    188.360    109.985
      0.300   -103.778    -64.571    -95.990     -3.862    195.643    119.978
      0.400   -103.518    -44.666    -83.432      9.068    202.457    131.174
      0.500   -101.785    -24.144    -69.699     25.583    207.992    143.498
      0.600    -98.183     -3.202    -54.699     46.472    210.848    156.501
      0.700    -92.259     17.785    -38.424     72.009    208.893    169.001
      0.800    -83.611     38.214    -21.034    100.939    199.681    178.797
      0.900    -72.084     57.303     -2.932    129.608    182.093    183.230
      1.000    -57.943     74.317     15.278    153.216    158.196    180.969
      1.100    -41.831     88.844     32.991    169.021    132.349    173.307
      1.200    -24.506    100.871     49.794    177.473    108.177    162.748
      1.300     -6.605    110.644     65.499    180.547     87.283    151.351
      1.400     11.431    118.500     80.080    180.180     69.846    140.267
      1.500     29.329    124.765     93.593    177.768     55.453    129.987
      1.600     46.927    129.716    106.125    174.203     43.558    120.649
      1.700     64.139    133.577    117.768    170.029     33.662    112.231
      1.800     80.919    136.528    128.613    165.568     25.355    104.652
      1.900     97.248    138.711    138.736    161.012     18.317     97.814
      2.000    113.122    140.242    148.208    156.473     12.298     91.621
      2.100    128.546    141.212    157.088    152.014      7.105     85.987
      2.200    143.530    141.697    165.429    147.672      2.590     80.839
      2.300    158.087    141.758    173.277    143.464     -1.364     76.113
      2.400    172.230    141.447    180.670    139.398     -4.850     71.755
      2.500    185.974    140.808    187.644    135.474     -7.942     67.720
      2.600    199.332    139.876    194.229    131.690    -10.699     63.969
      2.700    212.319    138.682    200.451    128.040    -13.169     60.470
      2.800    224.947    137.254    206.334    124.519    -15.391     57.193
      2.900    237.229    135.615    211.899    121.119    -17.398     54.116
      3.000    249.176    133.784    217.166    117.834    -19.217     51.218
      3.100    260.801    131.780    222.151    114.657    -20.872     48.481
      3.200    272.113    129.617    226.869    111.580    -22.381     45.888
      3.300    283.122    127.310    231.335    108.599    -23.760     43.428
      3.400    293.837    124.871    235.561    105.707    -25.025     41.087
      3.500    304.267    122.310    239.558    102.898    -26.185     38.856
      3.600    314.420    119.638    243.337    100.168    -27.253     36.724
      3.700    324.304    116.864    246.908     97.510    -28.237     34.684
      3.800    333.926    113.995    250.278     94.922    -29.145     32.729
      3.900    343.292    111.038    253.457     92.398    -29.984     30.852
      4.000    352.409    108.001    256.452     89.936    -30.759     29.047
      4.100    361.282    104.889    259.270     87.530    -31.477     27.308
      4.200    369.917    101.708    261.917     85.178    -32.141     25.632
      4.300    378.320     98.463    264.399     82.877    -32.757     24.013
      4.400    386.495     95.159    266.722     80.623    -33.327     22.448
      4.500    394.447     91.800    268.891     78.415    -33.856     20.933
      4.600    402.180     88.390    270.911     76.249    -34.346     19.465
      4.700    409.699     84.933    272.786     74.123    -34.800     18.041
      4.800    417.007     81.432    274.521     72.035    -35.220     16.658
      4.900    424.108     77.890    276.120     69.982    -35.609     15.315
      5.000    431.005     74.312    277.586     67.963    -35.968     14.007
      5.100    437.702     70.698    278.923     65.976    -36.300     12.734
      5.200    444.202     67.053    280.135     64.019    -36.605     11.494
      5.300    450.507     63.378    281.223     62.091    -36.887     10.284
      5.400    456.621     59.677    282.193     60.190    -37.144      9.103
      5.500    462.546     55.950    283.045     58.314    -37.380      7.949
      5.600    468.285     52.202    283.784     56.462    -37.596      6.821
      5.700    473.840     48.432    284.411     54.633    -37.791      5.718
      5.800    479.213     44.644    284.929     52.825    -37.967      4.638
      5.900    484.406     40.840    285.340     51.038    -38.126      3.580
      6.000    489.421     37.020    285.646     49.270    -38.267      2.544
      6.100    494.261     33.187    285.849     47.520    -38.392      1.527
      6.200    498.926     29.342    285.952     45.788    -38.501      0.529
      6.300    503.419     25.488    285.956     44.071    -38.595     -0.450
      6.400    507.741     21.624    285.863     42.369    -38.675     -1.413
      6.500    511.894     17.753    285.674     40.682    -38.740     -2.358
      6.600    515.878     13.877    285.392     39.008    -38.791     -3.289
      6.700    519.696      9.996    285.017     37.347    -38.830     -4.204
      6.800    523.348      6.112    284.552     35.697    -38.855     -5.105
      6.900    526.836      2.225    283.997     34.058    -38.868     -5.992
      7.000    530.160     -1.661    283.354     32.429    -38.869     -6.866
      7.100    533.322     -5.548    282.625     30.810    -38.858     -7.728
      7.200    536.323     -9.432    281.809     29.200    -38.835     -8.578
      7.300    539.163    -13.314    280.910     27.597    -38.801     -9.417
      7.400    541.843    -17.192    279.926     26.002    -38.756    -10.244
      7.500    544.364    -21.065    278.861     24.414    -38.701    -11.061
      7.600    546.726    -24.932    277.715     22.831    -38.634    -11.869
      7.700    548.930    -28.791    276.488     21.254    -38.556    -12.666
      7.800    550.977    -32.643    275.182     19.682    -38.469    -13.455
      7.900    552.867    -36.484    273.797     18.114    -38.370    -14.235
      8.000    554.600    -40.316    272.335     16.549    -38.262    -15.007
      8.100    556.177    -44.136    270.796     14.988    -38.143    -15.770
      8.200    557.598    -47.944    269.182     13.428    -38.014    -16.526
      8.300    558.862    -51.739    267.492     11.871    -37.875    -17.275
      8.400    559.972    -55.519    265.727     10.315    -37.726    -18.017
      8.500    560.925    -59.283    263.889      8.759    -37.567    -18.752
      8.600    561.724    -63.032    261.977      7.204    -37.397    -19.481
      8.700    562.366    -66.762    259.993      5.647    -37.218    -20.203
      8.800    562.853    -70.475    257.937      4.090    -37.028    -20.920
      8.900    563.184    -74.167    255.809      2.531    -36.827    -21.631
      9.000    563.359    -77.840    253.611      0.970    -36.617    -22.337
      9.100    563.378    -81.490    251.342     -0.594    -36.396    -23.038
      9.200    563.240    -85.118    249.003     -2.161    -36.164    -23.734
      9.300    562.946    -88.722    246.595     -3.733    -35.921    -24.426
      9.400    562.494    -92.302    244.118     -5.309    -35.668    -25.113
      9.500    561.884    -95.855    241.573     -6.890    -35.403    -25.796
      9.600    561.115    -99.382    238.959     -8.477    -35.127    -26.476
      9.700    560.188   -102.880    236.278    -10.071    -34.840    -27.151
      9.800    559.101   -106.349    233.529    -11.672    -34.540    -27.823
      9.900    557.853   -109.788    230.713    -13.281    -34.229    -28.492
     10.000    556.444   -113.195    227.831    -14.898    -33.906    -29.158
     10.100    554.873   -116.568    224.882    -16.524    -33.569    -29.820
