#         t          x          y          z         vx         vy         vz
      0.000    -98.560   -119.990   -127.760    -28.430    173.920     93.230
      0.500    -98.082    -22.391    -66.553     30.341    216.474    151.599
      1.000    -38.973     70.441     23.480    206.095    154.857    208.530
      1.500     61.021    121.317    109.218    193.882     48.644    134.424
      2.000    150.779    136.882    167.031    165.151     13.618     96.830
      2.500    227.799    139.634    209.903    142.928     -2.613     74.657
      3.000    294.922    136.037    243.460    125.564    -11.771     59.572
      3.500    354.164    128.708    270.439    111.403    -17.547     48.344
      4.000    406.871    118.960    292.394     99.426    -21.445     39.475
      4.500    453.977    107.552    310.305     89.001    -24.188     32.168
      0.000      0.000      0.000      0.000      0.000      0.000      0.000
      0.000      0.000      0.000      0.000      0.000      0.000      0.000
      0.000      0.000      0.000      0.000      0.000      0.000      0.000
      0.000      0.000      0.000      0.000      0.000      0.000      0.000
      0.000      0.000      0.000      0.000      0.000      0.000      0.000
      0.000      0.000      0.000      0.000      0.000      0.000      0.000
      0.000      0.000      0.000      0.000      0.000      0.000      0.000
      0.000      0.000      0.000      0.000      0.000      0.000      0.000
      0.000      0.000      0.000      0.000      0.000      0.000      0.000
      0.000      0.000      0.000      0.000      0.000      0.000      0.000
      0.000      0.000      0.000      0.000      0.000      0.000      0.000
      0.000      0.000      0.000      0.000      0.000      0.000      0.000
